-0.0053084 0.021359 0.0039166 -0.0031771 -0.00014506 -0.038527 0.025373 -0.0018208 -0.0062437 0.0049403
-0.040208 -0.00057067 -0.0081493 -0.020081 -0.046748 0.035161 -0.0017189 0.019778 -0.0078974 -0.034554
-0.040503 -0.020951 -0.015171 -0.00092471 0.048736 -0.028304 0.037637 0.006438 0.02007 -0.0064311
0.059676 -0.00018224 0.00049774 -0.00070676 0.096035 -0.013192 0.042329 -0.03389 -0.052356 -0.021322
0.017853 0.03646 0.018207 -0.027898 -0.03154 0.006003 0.019729 -0.010667 -0.024252 0.035624
0.0075967 -0.021801 -0.0018379 0.01467 0.049537 -0.0014596 -0.0066144 -0.00017747 -0.00031755 7.522e-05
0.019713 0.002832 0.00609 0.02424 -0.02334 0.019425 -0.0052119 0.039986 -0.011647 -0.00018629
0.025744 -0.003005 0.0012331 0.0201 -0.01455 0.019605 -0.001062 -0.0010268 -0.017247 -0.0011901
-0.05338 -0.062798 0.019763 0.017357 -0.022038 0.019943 -0.027706 -0.0093067 -0.0096321 -0.012291
0.00092422 -0.039879 -0.018639 0.040068 -0.02873 -0.00066348 -0.0059267 -0.00094053 -0.0001031 0.0014229
